4294967279,119
4294967279,114
4294967279,112
4294967279,111
4294967279,107
4294967279,106
4294967279,105
4294967278,235
4294967278,225
4294967278,570
4294967278,569
4294967278,567
4294967278,37
4294967278,36
4294967278,35
4294967278,34
4294967278,33
4294967278,32
4294967278,31
4294967278,30
4294967278,29
4294967278,28
4294967278,27
4294967278,26
4294967278,25
4294967278,24
4294967278,23
4294967278,22
4294967278,21
4294967278,20
4294967278,19
4294967278,18
4294967278,17
4294967278,16
4294967278,15
4294967278,14
4294967278,13
4294967278,12
4294967278,11
4294967278,10
4294967278,9
4294967278,8
4294967278,7
4294967278,6
4294967278,5
4294967278,4
4294967279,132
4294967279,131
4294967279,130
4294967279,126
4294967279,125
4294967279,124
4294967279,123
4294967279,122
4294967279,129
4294967279,335
4294967279,128
4294967279,127
4294967278,552
4294967279,358
4294967278,551
4294967278,254
4294967279,356
4294967279,251
4294967279,250
4294967279,121
4294967279,246
4294967278,244
4294967278,236
4294967278,234
4294967279,234
4294967278,230
4294967279,230
85,5
85,4
85,3
85,2
85,1
4294967279,226
4294967279,220
4294967278,215
4294967279,353
4294967279,209
4294967278,207
83,5
4294967279,208
83,4
83,3
83,2
83,1
4294967279,369
4294967294,428
4294967279,203
81,4
4294967278,199
81,3
81,2
81,1
4294967279,200
4294967294,413
4294967294,385
4294967294,948
4294967294,414
4294967294,403
4294967294,168
4294967294,451
4294967294,169
4294967294,111
4294967294,464
4294967279,199
4294967278,197
4294967278,196
80,4
80,3
80,2
80,1
4294967279,367
4294967278,546
4294967279,323
4294967279,350
4294967278,192
79,5
4294967279,192
4294967278,190
79,4
4294967278,189
79,3
79,2
79,1
4294967279,190
4294967278,188
4294967279,189
4294967278,185
4294967279,188
4294967278,318
78,5
4294967278,184
4294967279,185
4294967278,183
78,4
4294967279,184
78,3
78,2
78,1
4294967279,316
4294967278,182
4294967278,313
4294967279,314
4294967278,312
4294967278,179
4294967278,311
4294967279,313
4294967279,312
4294967279,309
4294967279,178
4294967279,311
4294967278,309
4294967279,310
4294967278,307
4294967278,304
4294967278,167
4294967279,366
4294967279,166
4294967278,302
4294967278,161
4294967279,162
4294967279,161
4294967278,159
4294967278,158
4294967279,159
4294967278,156
4294967279,299
4294967279,155
4294967279,154
4294967278,153
4294967278,297
4294967279,152
77,4
77,3
77,2
77,1
4294967279,150
4294967279,148
4294967278,556
4294967278,144
4294967279,144
4294967279,363
4294967279,361
4294967278,295
4294967279,293
4294967294,120
4294967294,392
4294967278,293
4294967279,139
4294967279,292
4294967278,138
4294967279,273
4294967279,137
4294967278,136
4294967279,136
75,5
75,4
75,3
75,2
75,1
4294967279,134
4294967279,24
4294967279,23
4294967279,22
4294967279,20
4294967279,19
4294967279,18
4294967279,16
4294967279,14
4294967279,12
4294967279,11
4294967278,275
4294967278,282
4294967279,282
73,4
73,3
73,2
73,1
4294967279,281
72,4
4294967278,267
72,3
72,2
72,1
4294967278,266
4294967279,263
4294967279,262
4294967278,264
4294967279,10
4294967279,286
4294967279,259
71,5
71,4
71,3
71,2
71,1
4294967278,261
4294967294,390
4294967294,468
4294967279,360
4294967294,89
4294967294,962
4294967294,170
4294967294,401
4294967294,913
4294967278,258
4294967278,528
4294967279,338
4294967278,257
70,5
4294967279,359
70,4
70,3
70,2
70,1
0,7
4294967278,553
4294967279,334
4294967278,255
4294967279,357
4294967279,332
4294967278,521
4294967294,469
4294967278,324
4294967278,0
4294967279,390
4294967278,251
4294967279,355
4294967279,248
4294967279,389
4294967279,0
4294967278,247
4294967294,46
4294967294,389
4294967294,1
4294967278,241
2,2
4294967279,241
4294967278,239
4294967294,17
4294967294,99
4294967294,76
4294967294,905
4294967294,186
4294967294,2
4294967294,904
4294967294,0
4294967294,439
4294967294,40
4294967294,38
4294967294,37
4294967294,36
4294967294,424
4294967294,470
4294967294,39
4294967279,239
4294967279,354
4294967278,550
4294967278,519
4294967279,330
4294967294,5
4294967294,107
4294967294,50
4294967294,91
4294967294,90
4294967294,87
4294967294,86
4294967294,85
4294967294,84
4294967294,951
4294967294,921
4294967294,950
4294967294,29
4294967294,419
4294967294,28
4294967294,920
4294967294,27
4294967294,53
4294967294,393
4294967294,45
4294967294,44
4294967294,96
4294967294,94
4294967294,9
4294967278,232
4294967294,8
4294967294,22
4294967294,93
4294967294,95
4294967294,42
4294967294,41
4294967294,43
4294967294,417
4294967294,51
4294967294,52
4294967294,25
4294967294,915
4294967294,26
2,4
4294967294,970
4294967294,82
4294967294,1414
4294967294,11
4294967294,92
4294967279,233
4294967294,7
0,5
4294967294,6
4294967278,132
4294967278,131
4294967278,130
4294967278,129
4294967278,128
4294967278,127
4294967278,126
4294967278,125
4294967278,124
4294967278,123
4294967278,122
4294967278,121
4294967278,120
4294967278,119
4294967278,118
4294967278,117
4294967278,116
4294967278,115
4294967278,114
4294967278,113
4294967278,112
4294967278,111
4294967278,110
4294967278,109
4294967278,108
4294967278,107
4294967278,106
4294967278,105
4294967278,104
4294967278,103
4294967278,102
4294967278,101
4294967278,100
4294967278,99
4294967278,98
4294967278,97
4294967278,96
4294967278,95
4294967278,94
4294967278,93
4294967278,92
