4294967278,35
4294967278,349
4294967278,34
4294967278,33
4294967278,32
4294967278,345
4294967278,31
4294967278,30
4294967278,29
4294967278,28
4294967278,27
4294967278,26
4294967278,25
4294967278,24
4294967278,23
4294967278,22
4294967278,21
4294967278,20
4294967278,19
4294967278,18
4294967278,17
4294967278,16
4294967278,15
4294967278,14
4294967278,13
4294967278,12
110,5
4294967278,138
110,4
110,3
110,2
110,1
109,4
4294967279,557
109,3
109,2
109,1
108,4
108,3
108,2
108,1
4294967278,284
4294967279,267
107,4
4294967279,265
107,3
107,2
107,1
4294967279,565
4294967278,268
4294967294,421
4294967294,1044
4294967279,264
4294967278,267
4294967279,282
4294967278,286
4294967279,262
106,4
106,3
106,2
106,1
4294967279,261
4294967278,265
4294967279,259
4294967278,280
4294967279,258
4294967278,263
105,4
4294967279,257
105,3
105,2
105,1
4294967278,262
4294967279,256
4294967279,255
4294967278,259
4294967279,555
104,4
4294967278,258
104,3
104,2
104,1
4294967278,334
4294967279,320
4294967278,331
4294967279,554
4294967279,551
103,5
4294967278,330
4294967278,329
103,4
4294967279,575
103,3
103,2
103,1
4294967278,255
4294967279,574
4294967278,374
4294967294,428
4294967278,254
4294967279,547
4294967279,517
4294967278,253
4294967278,248
4294967278,245
4294967278,243
4294967279,241
4294967279,243
4294967278,241
4294967278,236
4294967278,235
4294967278,233
4294967279,231
4294967294,409
4294967294,396
4294967294,395
4294967294,414
4294967294,420
4294967294,385
4294967294,1078
4294967294,384
4294967294,411
4294967294,398
4294967294,113
4294967294,413
4294967294,454
4294967278,226
4294967278,229
4294967279,229
4294967279,227
4294967279,223
4294967279,225
4294967278,223
4294967278,221
4294967279,221
4294967278,217
4294967278,219
4294967279,217
4294967278,363
4294967279,569
4294967278,386
4294967278,325
4294967279,573
4294967278,209
4294967278,362
4294967279,515
4294967279,572
4294967278,323
4294967279,541
4294967278,62
4294967278,61
4294967278,60
4294967278,59
4294967278,58
4294967278,53
4294967278,372
4294967278,52
4294967278,51
4294967278,50
4294967278,49
4294967278,48
4294967278,387
4294967279,78
4294967279,77
4294967279,74
4294967279,73
4294967279,72
4294967279,71
4294967279,67
4294967279,66
4294967279,64
4294967279,62
4294967279,60
4294967279,59
4294967279,58
4294967279,57
4294967279,55
4294967279,560
4294967279,566
4294967279,49
4294967279,48
4294967279,559
4294967279,45
4294967279,44
4294967279,42
4294967279,322
4294967279,558
4294967279,321
4294967279,532
4294967279,289
4294967279,531
4294967279,530
4294967279,528
4294967279,529
4294967279,514
4294967278,384
4294967279,561
4294967278,322
4294967279,203
4294967279,201
4294967279,80
4294967279,79
101,5
101,4
101,3
101,2
101,1
4294967279,76
100,4
100,3
100,2
100,1
4294967279,68
99,4
99,3
99,2
99,1
4294967294,200
98,4
4294967278,178
98,3
98,2
98,1
4294967278,177
4294967279,61
4294967279,177
97,4
97,3
97,2
97,1
4294967278,57
4294967279,172
96,4
96,3
96,2
96,1
4294967278,373
4294967279,171
4294967279,54
95,4
95,3
95,2
95,1
4294967279,51
4294967294,389
4294967279,52
94,5
94,4
94,3
94,2
94,1
4294967294,1029
4294967294,1045
4294967294,196
4294967294,1027
4294967279,46
4294967278,383
4294967279,41
4294967294,468
4294967279,40
4294967279,39
4294967279,38
4294967279,570
4294967279,36
4294967279,35
4294967279,527
4294967279,32
4294967278,343
4294967279,526
4294967278,344
4294967279,288
4294967279,524
4294967278,341
4294967294,387
4294967279,138
4294967279,525
4294967279,287
4294967294,1032
4294967278,289
4294967279,272
4294967294,392
4294967294,120
4294967294,115
4294967278,278
4294967278,339
4294967279,271
4294967278,288
4294967294,50
4294967294,89
4294967279,522
4294967279,286
4294967279,523
4294967278,273
4294967279,285
4294967278,338
4294967279,266
4294967279,284
4294967278,382
4294967278,368
4294967279,280
4294967278,131
4294967278,130
4294967278,128
4294967278,127
4294967278,124
4294967278,123
4294967278,122
4294967278,120
4294967278,119
4294967278,118
4294967278,117
4294967278,116
4294967278,115
4294967278,113
4294967278,112
4294967278,111
4294967278,110
4294967278,109
4294967278,108
4294967278,225
4294967278,106
4294967278,105
4294967278,104
4294967278,103
4294967278,215
4294967278,101
4294967278,100
4294967278,99
4294967278,98
4294967278,96
4294967278,93
4294967278,92
4294967278,91
4294967278,359
4294967278,358
4294967278,357
4294967278,356
4294967278,321
4294967278,320
4294967278,319
4294967278,68
4294967278,67
4294967278,66
4294967278,65
4294967278,64
4294967278,63
4294967279,318
4294967279,65
4294967279,63
4294967279,56
4294967279,53
4294967279,50
4294967279,47
4294967279,43
4294967279,37
4294967279,34
4294967279,33
4294967279,31
4294967279,30
4294967279,29
4294967279,28
4294967279,27
4294967279,26
4294967279,25
4294967279,24
4294967279,23
4294967279,22
4294967279,21
4294967279,20
4294967279,19
4294967279,18
4294967279,17
4294967279,16
4294967279,15
4294967279,14
4294967279,9
4294967279,8
4294967279,6
4294967279,5
4294967279,13
4294967279,12
4294967279,11
4294967279,10
4294967279,7
4294967294,1418
4294967279,4
4294967278,132
4294967294,17
4294967294,99
4294967294,76
4294967294,41
4294967294,5
